Ra = 2;
Kt = .01;
b = .0012;
La = .023;
Ke = .01;
J = .001;